Format:
--------
Problem Set no.
Periods.
Deadline.

=======similar periods varying deadline==========
3
150, 400, 500, 800, 200, 400, 450, 150, 100, 600
700

10
150, 400, 500, 800, 200, 400, 450, 150, 100, 600
650

11
150, 400, 500, 800, 200, 400, 450, 150, 100, 600
400

12
150, 400, 500, 800, 200, 400, 450, 150, 100, 600
450

13
150, 400, 500, 800, 200, 400, 450, 150, 100, 600
500

14
150, 400, 500, 800, 200, 400, 450, 150, 100, 600
550

15
150, 400, 500, 800, 200, 400, 450, 150, 100, 600
600

=======similar deadline varying periods==========
1
300, 600, 500, 800, 600, 400, 450, 300, 300, 600
700

2
300, 400, 500, 800, 200, 400, 450, 150, 300, 600
700

3
150, 400, 500, 800, 200, 400, 450, 150, 100, 600
700

4
150, 200, 500, 400, 200, 150, 450, 150, 100, 600
700

5
150, 200, 250, 400, 200, 150, 150, 100, 100, 600
700

6
150, 200, 250, 100, 200, 150, 150, 100, 100, 150
700

7
150, 200, 150, 100, 50, 150, 100, 100, 100, 150
700

16
150, 400, 500, 800, 200, 300, 450, 150, 300, 600
1000

17
200, 400, 250, 800, 150, 400, 450, 150, 300, 600
1000

18
400, 500, 500, 800, 200, 400, 450, 150, 300, 600
1000

19
500, 400, 500, 800, 300, 400, 450, 350, 300, 600
1000

20
450, 400, 600, 800, 300, 400, 450, 200, 350, 600
1000

21
100, 200, 300, 800, 200, 400, 450, 150, 300, 600
1000
