6.3138052426 1.25589394798 1
-6.3138052426 -1.25589394798 0
5.88973201976 2.43960688133 1
-5.88973201976 -2.43960688133 0
5.24865192766 3.50703709594 1
-5.24865192766 -3.50703709594 0
4.41941738242 4.41941738242 1
-4.41941738242 -4.41941738242 0
3.43759081681 5.14471822612 1
-3.43759081681 -5.14471822612 0
2.34393602324 5.65876213663 1
-2.34393602324 -5.65876213663 0
1.18273507722 5.94601076244 1
-1.18273507722 -5.94601076244 0
3.6739403e-16 6.0 1
-3.673940e-16 -6.0 0
-1.15834878697 5.82341260239 1
1.15834878697 -5.82341260239 0
-2.24826516514 5.4277922535 1
2.24826516514 -5.4277922535 0
-3.22925197943 4.83291712151 1
3.22925197943 -4.83291712151 0
-4.06586399182 4.06586399182 1
4.06586399182 -4.06586399182 0
-4.72898341997 3.1598057003 1
4.72898341997 -3.1598057003 0
-5.19682237038 2.15259430705 1
5.19682237038 -2.15259430705 0
-5.45561812224 1.08518991621 1
5.45561812224 -1.08518991621 0
-5.5 6.73555739531e-16 1
5.5 -6.73555739531e-16 0
-5.33301996219 -1.06080362596 1
5.33301996219 1.06080362596 0
-4.96585248725 -2.05692344896 1
4.96585248725 2.05692344896 0
-4.41718231536 -2.95146686292 1
4.41718231536 2.95146686292 0
-3.71231060123 -3.71231060123 1
3.71231060123 3.71231060123 0
-2.88202058379 -4.31324861382 1
2.88202058379 4.31324861382 0
-1.96125259087 -4.73488260412 1
1.96125259087 4.73488260412 0
-0.987644755207 -4.96522548204 1
0.987644755207 4.96522548204 0
-9.18485099361e-16 -5.0 1
9.18485099361e-16 5.0 0
0.963258464955 -4.84262732199 1
-0.963258464955 4.84262732199 0
1.86558173278 -4.50391272099 1
-1.86558173278 4.50391272099 0
2.67368174641 -4.00144750921 1
-2.67368174641 4.00144750921 0
3.35875721064 -3.35875721064 1
-3.35875721064 3.35875721064 0
3.89751380767 -2.60423546728 1
-3.89751380767 2.60423546728 0
4.27294283786 -1.76991087469 1
-4.27294283786 1.76991087469 0
4.47483284184 -0.890099594199 1
-4.47483284184 0.890099594199 0
4.5 -1.10218211923e-15 1
-4.5 1.10218211923e-15 0
4.35223468179 0.865713303947 1
-4.35223468179 -0.865713303947 0
4.04197295474 1.6742400166 1
-4.04197295474 -1.6742400166 0
3.58571270305 2.3958966299 1
-3.58571270305 -2.3958966299 0
3.00520382004 3.00520382004 1
-3.00520382004 -3.00520382004 0
2.32645035077 3.48177900152 1
-2.32645035077 -3.48177900152 0
1.57856915851 3.81100307161 1
-1.57856915851 -3.81100307161 0
0.792554433191 3.98444020164 1
-0.792554433191 -3.98444020164 0
1.22464679915e-15 4.0 1
-1.22464679915e-15 -4.0 0
-0.768168142939 3.86184204159 1
0.768168142939 -3.86184204159 0
-1.48289830041 3.58003318848 1
1.48289830041 -3.58003318848 0
-2.11811151339 3.1699778969 1
2.11811151339 -3.1699778969 0
-2.65165042945 2.65165042945 1
2.65165042945 -2.65165042945 0
-3.06604419537 2.04866523426 1
3.06604419537 -2.04866523426 0
-3.34906330535 1.38722744232 1
3.34906330535 -1.38722744232 0
-3.49404756144 0.695009272182 1
3.49404756144 -0.695009272182 0
-3.5 1.2858791391e-15 1
3.5 -1.2858791391e-15 0
-3.37144940139 -0.67062298193 1
3.37144940139 0.67062298193 0
-3.11809342223 -1.29155658423 1
3.11809342223 1.29155658423 0
-2.75424309075 -1.84032639688 1
2.75424309075 1.84032639688 0
-2.29809703886 -2.29809703886 1
2.29809703886 2.29809703886 0
-1.77088011775 -2.65030938921 1
1.77088011775 2.65030938921 0
-1.19588572614 -2.8871235391 1
1.19588572614 2.8871235391 0
-0.597464111174 -3.00365492123 1
0.597464111174 3.00365492123 0
-1.2858791391e-15 -3.0 1
1.2858791391e-15 3.0 0
0.573077820922 -2.88105676118 1
-0.573077820922 2.88105676118 0
1.10021486805 -2.65615365597 1
-1.10021486805 2.65615365597 0
1.56254128037 -2.3385082846 1
-1.56254128037 2.3385082846 0
1.94454364826 -1.94454364826 1
-1.94454364826 1.94454364826 0
2.23457458306 -1.49309500124 1
-2.23457458306 1.49309500124 0
2.42518377284 -1.00454400996 1
-2.42518377284 1.00454400996 0
2.51326228103 -0.499918950166 1
-2.51326228103 0.499918950166 0
2.5 -1.22464679915e-15 1
-2.5 1.22464679915e-15 0
2.39066412098 0.475532659914 1
-2.39066412098 -0.475532659914 0
2.19421388971 0.908873151867 1
-2.19421388971 -0.908873151867 0
1.92277347845 1.28475616386 1
-1.92277347845 -1.28475616386 0
1.59099025767 1.59099025767 1
-1.59099025767 -1.59099025767 0
1.21530988473 1.81883977691 1
-1.21530988473 -1.81883977691 0
0.813202293776 1.96324400659 1
-0.813202293776 -1.96324400659 0
0.402373789158 2.02286964083 1
-0.402373789158 -2.02286964083 0
1.10218211923e-15 2.0 1
-1.10218211923e-15 -2.0 0
-0.377987498906 1.90027148078 1
0.377987498906 -1.90027148078 0
-0.717531435685 1.73227412346 1
0.717531435685 -1.73227412346 0
-1.00697104735 1.5070386723 1
1.00697104735 -1.5070386723 0
-1.23743686708 1.23743686708 1
1.23743686708 -1.23743686708 0
-1.40310497076 0.937524768221 1
1.40310497076 -0.937524768221 0
-1.50130424033 0.621860577593 1
1.50130424033 -0.621860577593 0
-1.53247700063 0.30482862815 1
1.53247700063 -0.30482862815 0
-1.5 9.18485099361e-16 1
1.5 -9.18485099361e-16 0
-1.40987884058 -0.280442337898 1
1.40987884058 0.280442337898 0
-1.2703343572 -0.526189719502 1
1.2703343572 0.526189719502 0
-1.09130386615 -0.729185930838 1
1.09130386615 0.729185930838 0
-0.883883476483 -0.883883476483 1
0.883883476483 0.883883476483 0
-0.659739651711 -0.987370164609 1
0.659739651711 0.987370164609 0
-0.430518861411 -1.03936447408 1
0.430518861411 1.03936447408 0
-0.207283467142 -1.04208436043 1
0.207283467142 1.04208436043 0
-2.44991257893e-15 -1.0 1
2.44991257893e-15 1.0 0
0.18289717689 -0.919486200378 1
-0.18289717689 0.919486200378 0
0.334848003319 -0.808394590947 1
-0.334848003319 0.808394590947 0
0.451400814328 -0.675569059996 1
-0.451400814328 0.675569059996 0
0.53033008589 -0.53033008589 1
-0.53033008589 0.53033008589 0
-0.571635358458 0.381954535201 0
0.571635358458 -0.381954535201 1
0.57742470782 -0.239177145228 1
-0.57742470782 0.239177145228 0
0.551691720227 -0.109738306134 1
-0.551691720227 0.109738306134 0
