Format:
--------
Problem Set no.
Periods.
Deadline.

=======similar periods varying deadline==========
10
150, 400, 500, 800, 200, 400, 450, 150, 100, 600
250

4
150, 400, 500, 800, 200, 400, 450, 150, 100, 600
300

11
150, 400, 500, 800, 200, 400, 450, 150, 100, 600
350

12
150, 400, 500, 800, 200, 400, 450, 150, 100, 600
400

13
150, 400, 500, 800, 200, 400, 450, 150, 100, 600
450

14
150, 400, 500, 800, 200, 400, 450, 150, 100, 600
500

15
150, 400, 500, 800, 200, 400, 450, 150, 100, 600
550

16
150, 400, 500, 800, 200, 400, 450, 150, 100, 600
600

=======similar deadline varying periods==========
1
50, 200, 50, 100, 400, 200, 150, 100, 300, 600
300

2
300, 600, 500, 800, 600, 400, 450, 300, 300, 600
300

3
300, 400, 500, 800, 200, 400, 450, 150, 300, 600
300

4
150, 400, 500, 800, 200, 400, 450, 150, 100, 600
300

5
150, 200, 500, 400, 200, 150, 450, 150, 100, 600
300

6
150, 200, 250, 400, 200, 150, 150, 100, 100, 600
300

7
150, 200, 250, 100, 200, 150, 150, 100, 100, 150
300

8
150, 200, 150, 100, 50, 150, 100, 100, 100, 150
300

9
150, 50, 150, 100, 50, 150, 100, 50, 100, 150
300
